









Results
1	2	3	4	5	6	7	8	9	10	11	12
A	0.578	0.076	0.608	0.577	0.344	0.106	0.172	0.167	0.176	0.085	0.082	0.081
B	0.08	0.087	0.075	0.076	0.076	0.076	0.076	0.076	0.076	0.076	0.076	0.076
C	0.546	0.075	0.075	0.075	0.076	0.075	0.075	0.075	0.075	0.075	0.075	0.075
D	0.075	0.075	0.075	0.075	0.075	0.075	0.075	0.075	0.075	0.075	0.075	0.075
E	0.632	0.076	0.598	0.552	0.435	0.36	0.369	0.301	0.173	0.1	0.083	0.084
F	0.082	0.081	0.08	0.076	0.076	0.076	0.076	0.076	0.076	0.076	0.076	0.076
G	0.643	0.078	0.45	0.419	0.38	0.381	0.408	0.365	0.211	0.086	0.08	0.08
H	0.079	0.079	0.079	0.078	0.078	0.078	0.078	0.078	0.078	0.078	0.078	0.078