































Results
	1	2	3	4	5	6	7	8	9	10	11	12
A	0.603	0.076	0.447	0.326	0.345	0.113	0.099	0.09	0.092	0.09	0.084	0.083
B	0.084	0.082	0.08	0.076	0.076	0.076	0.076	0.076	0.076	0.076	0.076	0.076
C	0.514	0.076	0.607	0.391	0.423	0.258	0.126	0.196	0.105	0.102	0.096	0.089
D	0.088	0.084	0.091	0.076	0.076	0.076	0.076	0.076	0.076	0.076	0.076	0.076
E	0.484	0.076	0.428	0.364	0.346	0.293	0.219	0.124	0.098	0.098	0.09	0.085
F	0.085	0.087	0.083	0.076	0.076	0.076	0.076	0.076	0.076	0.076	0.076	0.076
G	0.539	0.076	0.382	0.331	0.306	0.323	0.259	0.122	0.107	0.106	0.096	0.09
H	0.093	0.088	0.085	0.076	0.076	0.076	0.076	0.076	0.076	0.076	0.076	0.076