































Results
1	2	3	4	5	6	7	8	9	10	11	12
A	0.569	0.077	0.522	0.502	0.365	0.296	0.174	0.104	0.213	0.095	0.09	0.092
B	0.092	0.089	0.086	0.077	0.077	0.077	0.077	0.077	0.077	0.077	0.077	0.077
C	0.077	0.077	0.076	0.077	0.076	0.077	0.077	0.077	0.077	0.078	0.076	0.076
D	0.078	0.077	0.075	0.077	0.077	0.077	0.077	0.077	0.077	0.077	0.077	0.077
E	0.585	0.077	0.565	0.491	0.385	0.344	0.323	0.369	0.38	0.195	0.153	0.203
F	0.088	0.084	0.083	0.077	0.077	0.077	0.077	0.077	0.077	0.077	0.077	0.077
G	0.597	0.077	0.389	0.405	0.368	0.331	0.319	0.298	0.284	0.191	0.117	0.104
H	0.098	0.095	0.089	0.077	0.077	0.077	0.077	0.077	0.077	0.077	0.077	0.077