































Results
	1	2	3	4	5	6	7	8	9	10	11	12
A	0.452	0.077	0.364	0.345	0.195	0.101	0.099	0.09	0.086	0.087	0.084	0.08
B	0.081	0.085	0.079	0.077	0.077	0.077	0.077	0.077	0.077	0.077	0.077	0.077
C	0.465	0.078	0.447	0.332	0.322	0.138	0.105	0.098	0.098	0.088	0.087	0.083
D	0.085	0.083	0.09	0.078	0.078	0.078	0.078	0.078	0.078	0.078	0.078	0.078
E	0.491	0.077	0.323	0.373	0.323	0.277	0.114	0.096	0.093	0.085	0.083	0.082
F	0.083	0.081	0.081	0.077	0.077	0.077	0.077	0.077	0.077	0.077	0.077	0.077
G	0.365	0.078	0.356	0.301	0.349	0.154	0.125	0.116	0.103	0.104	0.104	0.091
H	0.106	0.1	0.087	0.078	0.078	0.078	0.078	0.078	0.078	0.078	0.078	0.078