































Results
1	2	3	4	5	6	7	8	9	10	11	12
A	0.685	0.076	0.702	0.239	0.089	0.083	0.082	0.08	0.08	0.092	0.088	0.085
B	0.076	0.091	0.084	0.076	0.076	0.076	0.076	0.076	0.076	0.076	0.076	0.076
C	0.515	0.077	0.65	0.19	0.573	0.083	0.084	0.083	0.082	0.171	0.116	0.104
D	0.087	0.084	0.084	0.077	0.077	0.077	0.077	0.077	0.077	0.077	0.077	0.077
E	0.539	0.079	0.721	0.362	0.506	0.084	0.083	0.082	0.082	0.161	0.092	0.088
F	0.089	0.087	0.085	0.079	0.079	0.079	0.079	0.079	0.079	0.079	0.079	0.079
G	0.681	0.077	0.361	0.132	0.428	0.326	0.325	0.309	0.251	0.139	0.114	0.097
H	0.093	0.09	0.087	0.077	0.077	0.077	0.077	0.077	0.077	0.077	0.077	0.077