































Results
	1	2	3	4	5	6	7	8	9	10	11	12
A	0.572	0.084	0.084	0.537	0.514	0.348	0.287	0.148	0.109	0.137	0.088	0.086
B	0.086	0.086	0.085	0.084	0.084	0.084	0.084	0.084	0.084	0.084	0.084	0.084
C	0.534	0.084	0.085	0.458	0.411	0.432	0.292	0.108	0.097	0.091	0.087	0.087
D	0.089	0.087	0.086	0.084	0.084	0.084	0.084	0.084	0.084	0.084	0.084	0.084
E	0.579	0.083	0.084	0.455	0.441	0.453	0.525	0.326	0.205	0.157	0.09	0.089
F	0.087	0.086	0.086	0.083	0.083	0.083	0.083	0.083	0.083	0.083	0.083	0.083
G	0.567	0.084	0.083	0.601	0.221	0.272	0.276	0.24	0.168	0.113	0.085	0.085
H	0.085	0.085	0.085	0.084	0.084	0.084	0.084	0.084	0.084	0.084	0.084	0.084