































Results
	1	2	3	4	5	6	7	8	9	10	11	12
A	0.43	0.084	0.083	0.471	0.238	0.086	0.085	0.09	0.086	0.086	0.085	0.085	630
B	0.086	0.089	0.086	0.084	0.084	0.084	0.084	0.084	0.084	0.084	0.084	0.084	630
C	0.46	0.083	0.083	0.479	0.226	0.086	0.087	0.087	0.086	0.085	0.084	0.086	630
D	0.087	0.088	0.088	0.083	0.083	0.083	0.083	0.083	0.083	0.083	0.083	0.083	630
E	0.425	0.083	0.084	0.426	0.472	0.182	0.093	0.086	0.086	0.085	0.085	0.086	630
F	0.086	0.087	0.086	0.083	0.083	0.083	0.083	0.083	0.083	0.083	0.083	0.083	630
G	0.465	0.083	0.083	0.369	0.347	0.35	0.257	0.218	0.098	0.084	0.083	0.086	630
H	0.088	0.084	0.084	0.083	0.083	0.083	0.083	0.083	0.083	0.083	0.083	0.083	630