































Results
	1	2	3	4	5	6	7	8	9	10	11	12
A	0.58	0.084	0.084	0.589	0.513	0.367	0.343	0.317	0.294	0.336	0.262	0.51
B	0.188	0.113	0.091	0.087	0.087	0.084	0.084	0.084	0.084	0.084	0.084	0.084
C	0.482	0.079	0.101	0.23	0.226	0.207	0.192	0.197	0.184	0.162	0.153	0.177
D	0.256	0.216	0.176	0.124	0.082	0.079	0.079	0.079	0.079	0.079	0.079	0.079
E	0.617	0.083	0.084	0.527	0.494	0.471	0.438	0.451	0.463	0.442	0.46	0.752
F	0.37	0.194	0.126	0.094	0.09	0.083	0.083	0.083	0.083	0.083	0.083	0.083
G	0.578	0.084	0.083	0.378	0.363	0.265	0.32	0.209	0.198	0.296	0.199	0.15
H	0.27	0.16	0.095	0.087	0.093	0.084	0.084	0.084	0.084	0.084	0.084	0.084