































Results
	1	2	3	4	5	6	7	8	9	10	11	12
A	0.463	0.079	0.078	0.353	0.293	0.205	0.153	0.147	0.079	0.079	0.08	0.08
B	0.08	0.081	0.081	0.079	0.079	0.079	0.079	0.079	0.079	0.079	0.079	0.079
C	0.333	0.077	0.077	0.28	0.194	0.154	0.078	0.078	0.079	0.078	0.103	0.08
D	0.087	0.079	0.08	0.077	0.077	0.077	0.077	0.077	0.077	0.077	0.077	0.077
E	0.333	0.076	0.076	0.333	0.323	0.19	0.103	0.081	0.078	0.078	0.078	0.079
F	0.078	0.1	0.079	0.076	0.076	0.076	0.076	0.076	0.076	0.076	0.076	0.076
G	0.458	0.076	0.076	0.315	0.275	0.277	0.254	0.143	0.104	0.082	0.08	0.08
H	0.08	0.08	0.079	0.076	0.076	0.076	0.076	0.076	0.076	0.076	0.076	0.076