































Results
	1	2	3	4	5	6	7	8	9	10	11	12
A	0.453	0.08	0.081	0.248	0.545	0.311	0.226	0.224	0.183	0.135	0.083	0.079
B	0.147	0.08	0.079	0.083	0.08	0.08	0.08	0.08	0.08	0.08	0.08	0.08
C	0.752	0.084	0.084	0.368	0.308	0.343	0.377	0.368	0.347	0.282	0.258	0.21
D	0.237	0.097	0.086	0.086	0.086	0.084	0.084	0.084	0.084	0.084	0.084	0.084
E	0.459	0.077	0.078	0.442	0.427	0.329	0.331	0.365	0.344	0.262	0.434	0.081
F	0.353	0.083	0.084	0.078	0.078	0.077	0.077	0.077	0.077	0.077	0.077	0.077
G	0.455	0.078	0.078	0.392	0.353	0.289	0.289	0.373	0.277	0.239	0.225	0.12
H	0.235	0.111	0.085	0.081	0.082	0.078	0.078	0.078	0.078	0.078	0.078	0.078