































Results
	1	2	3	4	5	6	7	8	9	10	11	12
A	0.538	0.083	0.084	0.459	0.412	0.451	0.437	0.395	0.428	0.343	0.324	0.369
B	0.235	0.16	0.206	0.092	0.093	0.083	0.083	0.083	0.083	0.083	0.083	0.083
C	0.566	0.077	0.077	0.404	0.377	0.413	0.428	0.4	0.495	0.399	0.399	0.438
D	0.346	0.289	0.249	0.175	0.077	0.077	0.077	0.077	0.077	0.077	0.077	0.077
E	0.544	0.083	0.083	0.546	0.61	0.491	0.476	0.432	0.467	0.538	0.434	0.494
F	0.479	0.387	0.313	0.183	0.094	0.083	0.083	0.083	0.083	0.083	0.083	0.083
G	0.522	0.083	0.108	0.279	0.311	0.286	0.235	0.218	0.255	0.237	0.169	0.28
H	0.369	0.308	0.217	0.148	0.097	0.083	0.083	0.083	0.083	0.083	0.083	0.083