































Results
	1	2	3	4	5	6	7	8	9	10	11	12
A	0.665	0.083	0.083	0.596	0.546	0.433	0.423	0.363	0.351	0.344	0.313	0.39
B	0.25	0.207	0.087	0.085	0.09	0.083	0.083	0.083	0.083	0.083	0.083	0.083
C	0.559	0.077	0.077	0.375	0.464	0.414	0.434	0.415	0.363	0.359	0.324	0.533
D	0.387	0.365	0.31	0.168	0.101	0.077	0.077	0.077	0.077	0.077	0.077	0.077
E	0.616	0.082	0.083	0.74	0.728	0.484	0.555	0.434	0.485	0.477	0.38	0.428
F	0.535	0.151	0.092	0.085	0.084	0.082	0.082	0.082	0.082	0.082	0.082	0.082
G	0.62	0.082	0.082	0.299	0.274	0.22	0.168	0.225	0.185	0.202	0.172	0.166
H	0.162	0.165	0.094	0.088	0.092	0.082	0.082	0.082	0.082	0.082	0.082	0.082