































Results
	1	2	3	4	5	6	7	8	9	10	11	12
A	0.78	0.083	0.083	0.608	0.547	0.449	0.337	0.344	0.33	0.329	0.288	0.38
B	0.264	0.172	0.088	0.087	0.085	0.083	0.083	0.083	0.083	0.083	0.083	0.083
C	0.636	0.083	0.082	0.406	0.438	0.448	0.442	0.421	0.381	0.425	0.384	0.463
D	0.266	0.185	0.101	0.092	0.093	0.083	0.083	0.083	0.083	0.083	0.083	0.083
E	0.589	0.084	0.084	0.421	0.352	0.371	0.465	0.478	0.482	0.508	0.381	0.538
F	0.491	0.155	0.085	0.085	0.088	0.084	0.084	0.084	0.084	0.084	0.084	0.084
G	0.494	0.082	0.083	0.294	0.233	0.205	0.254	0.227	0.182	0.184	0.166	0.139
H	0.219	0.147	0.086	0.085	0.084	0.082	0.082	0.082	0.082	0.082	0.082	0.082