































Results
	1	2	3	4	5	6	7	8	9	10	11	12
A	0.7	0.084	0.085	0.593	0.573	0.555	0.547	0.514	0.468	0.449	0.383	0.776
B	0.454	0.434	0.214	0.162	0.084	0.084	0.084	0.084	0.084	0.084	0.084	0.084
C	0.085	0.085	0.085	0.085	0.085	0.085	0.085	0.085	0.085	0.085	0.085	0.085
D	0.085	0.085	0.085	0.085	0.085	0.085	0.085	0.085	0.085	0.085	0.085	0.085
E	0.741	0.084	0.085	0.549	0.517	0.523	0.544	0.456	0.339	0.407	0.389	0.663
F	0.572	0.359	0.278	0.172	0.081	0.084	0.084	0.084	0.084	0.084	0.084	0.084
G	0.755	0.085	0.084	0.326	0.321	0.28	0.235	0.18	0.321	0.19	0.172	0.268
H	0.327	0.242	0.167	0.092	0.083	0.085	0.085	0.085	0.085	0.085	0.085	0.085