































Results
	1	2	3	4	5	6	7	8	9	10	11	12
A	0.485	0.078	0.078	0.408	0.405	0.326	0.313	0.271	0.238	0.155	0.126	0.079
B	0.081	0.082	0.08	0.078	0.078	0.078	0.078	0.078	0.078	0.078	0.078	0.078
C	0.471	0.077	0.078	0.404	0.365	0.361	0.375	0.387	0.253	0.139	0.082	0.08
D	0.078	0.077	0.078	0.077	0.077	0.077	0.077	0.077	0.077	0.077	0.077	0.077
E	0.457	0.076	0.076	0.187	0.178	0.227	0.138	0.173	0.083	0.076	0.077	0.079
F	0.077	0.076	0.077	0.076	0.076	0.076	0.076	0.076	0.076	0.076	0.076	0.076
G	0.456	0.076	0.076	0.202	0.145	0.158	0.116	0.125	0.106	0.091	0.079	0.079
H	0.078	0.078	0.081	0.076	0.076	0.076	0.076	0.076	0.076	0.076	0.076	0.076