































Results
	1	2	3	4	5	6	7	8	9	10	11	12
A	0.454	0.078	0.077	0.346	0.298	0.135	0.085	0.081	0.08	0.079	0.08	0.08
B	0.079	0.085	0.079	0.078	0.078	0.078	0.078	0.078	0.078	0.078	0.078	0.078
C	0.416	0.076	0.076	0.331	0.313	0.216	0.098	0.081	0.103	0.08	0.08	0.079
D	0.079	0.078	0.077	0.076	0.076	0.076	0.076	0.076	0.076	0.076	0.076	0.076
E	0.422	0.076	0.076	0.369	0.349	0.351	0.131	0.116	0.086	0.081	0.079	0.079
F	0.079	0.078	0.079	0.076	0.076	0.076	0.076	0.076	0.076	0.076	0.076	0.076
G	0.427	0.076	0.076	0.305	0.28	0.189	0.153	0.079	0.078	0.077	0.077	0.08
H	0.078	0.078	0.079	0.076	0.076	0.076	0.076	0.076	0.076	0.076	0.076	0.076