































Results
	1	2	3	4	5	6	7	8	9	10	11	12
A	0.4	0.076	0.077	0.343	0.329	0.266	0.266	0.345	0.259	0.236	0.166	0.082
B	0.109	0.08	0.079	0.076	0.076	0.076	0.076	0.076	0.076	0.076	0.076	0.076
C	0.404	0.076	0.077	0.39	0.398	0.357	0.374	0.364	0.33	0.181	0.113	0.081
D	0.079	0.079	0.079	0.076	0.076	0.076	0.076	0.076	0.076	0.076	0.076	0.076
E	0.488	0.077	0.077	0.435	0.366	0.362	0.366	0.428	0.393	0.362	0.346	0.187
F	0.174	0.08	0.08	0.077	0.077	0.077	0.077	0.077	0.077	0.077	0.077	0.077
G	0.513	0.077	0.077	0.188	0.112	0.13	0.202	0.232	0.197	0.121	0.123	0.129
H	0.143	0.077	0.079	0.077	0.077	0.077	0.077	0.077	0.077	0.077	0.077	0.077