































Results
	1	2	3	4	5	6	7	8	9	10	11	12
A	0.513	0.078	0.078	0.502	0.505	0.479	0.505	0.438	0.45	0.357	0.308	0.436
B	0.27	0.126	0.097	0.089	0.085	0.078	0.078	0.078	0.078	0.078	0.078	0.078
C	0.667	0.085	0.084	0.428	0.432	0.43	0.377	0.392	0.392	0.377	0.314	0.586
D	0.509	0.407	0.294	0.158	0.085	0.085	0.085	0.085	0.085	0.085	0.085	0.085
E	0.576	0.077	0.077	0.519	0.537	0.451	0.429	0.39	0.389	0.377	0.38	0.487
F	0.43	0.203	0.171	0.157	0.11	0.077	0.077	0.077	0.077	0.077	0.077	0.077
G	0.543	0.077	0.077	0.223	0.238	0.244	0.252	0.214	0.183	0.174	0.169	0.209
H	0.253	0.229	0.224	0.147	0.098	0.077	0.077	0.077	0.077	0.077	0.077	0.077