































Results
	1	2	3	4	5	6	7	8	9	10	11	12
A	0.461	0.08	0.078	0.251	0.227	0.283	0.277	0.254	0.284	0.219	0.168	0.165
B	0.253	0.122	0.079	0.078	0.077	0.08	0.08	0.08	0.08	0.08	0.08	0.08
C	0.541	0.084	0.084	0.35	0.324	0.474	0.441	0.44	0.468	0.369	0.328	0.605
D	0.478	0.394	0.318	0.194	0.109	0.084	0.084	0.084	0.084	0.084	0.084	0.084
E	0.487	0.077	0.076	0.137	0.129	0.155	0.13	0.111	0.096	0.112	0.091	0.095
F	0.129	0.076	0.076	0.076	0.076	0.077	0.077	0.077	0.077	0.077	0.077	0.077
G	0.497	0.077	0.077	0.177	0.192	0.227	0.149	0.169	0.167	0.165	0.152	0.192
H	0.263	0.192	0.131	0.081	0.079	0.077	0.077	0.077	0.077	0.077	0.077	0.077