































Results
	1	2	3	4	5	6	7	8	9	10	11	12
A	0.563	0.089	0.083	0.237	0.106	0.087	0.087	0.087	0.087	0.087	0.086	0.086	630
B	0.089	0.088	0.086	0.089	0.089	0.089	0.089	0.089	0.089	0.089	0.089	0.089	630
C	0.548	0.083	0.091	0.41	0.216	0.106	0.106	0.105	0.096	0.099	0.091	0.087	630
D	0.091	0.088	0.087	0.083	0.083	0.083	0.083	0.083	0.083	0.083	0.083	0.083	630
E	0.589	0.09	0.095	0.383	0.191	0.106	0.105	0.103	0.103	0.102	0.095	0.09	630
F	0.088	0.087	0.087	0.09	0.09	0.09	0.09	0.09	0.09	0.09	0.09	0.09	630
G	0.56	0.084	0.096	0.41	0.383	0.117	0.102	0.1	0.116	0.099	0.092	0.086	630
H	0.088	0.109	0.087	0.084	0.084	0.084	0.084	0.084	0.084	0.084	0.084	0.084	630