































Results
	1	2	3	4	5	6	7	8	9	10	11	12
A	0.413	0.078	0.078	0.403	0.392	0.344	0.314	0.284	0.248	0.197	0.123	0.186
B	0.102	0.087	0.084	0.084	0.083	0.078	0.078	0.078	0.078	0.078	0.078	0.078
C	0.495	0.077	0.077	0.385	0.379	0.366	0.372	0.402	0.388	0.342	0.266	0.423
D	0.263	0.132	0.121	0.104	0.096	0.077	0.077	0.077	0.077	0.077	0.077	0.077
E	0.436	0.076	0.077	0.465	0.432	0.452	0.364	0.386	0.348	0.337	0.314	0.622
F	0.214	0.116	0.08	0.08	0.081	0.076	0.076	0.076	0.076	0.076	0.076	0.076
G	0.435	0.077	0.077	0.345	0.353	0.335	0.321	0.333	0.278	0.218	0.194	0.245
H	0.196	0.08	0.077	0.078	0.077	0.077	0.077	0.077	0.077	0.077	0.077	0.077