































Results
	1	2	3	4	5	6	7	8	9	10	11	12
A	0.46	0.079	0.078	0.416	0.41	0.325	0.308	0.294	0.244	0.166	0.143	0.152
B	0.104	0.083	0.083	0.079	0.079	0.079	0.079	0.079	0.079	0.079	0.079	0.079
C	0.504	0.078	0.079	0.44	0.415	0.364	0.318	0.317	0.233	0.205	0.136	0.096
D	0.09	0.081	0.083	0.078	0.078	0.078	0.078	0.078	0.078	0.078	0.078	0.078
E	0.475	0.079	0.078	0.416	0.433	0.388	0.353	0.373	0.372	0.385	0.453	0.266
F	0.191	0.084	0.081	0.079	0.079	0.079	0.079	0.079	0.079	0.079	0.079	0.079
G	0.457	0.076	0.077	0.169	0.166	0.17	0.167	0.185	0.169	0.19	0.189	0.178
H	0.156	0.095	0.082	0.076	0.076	0.076	0.076	0.076	0.076	0.076	0.076	0.076