































Results
	1	2	3	4	5	6	7	8	9	10	11	12
A	0.422	0.077	0.077	0.473	0.291	0.28	0.349	0.271	0.096	0.078	0.078	0.079
B	0.079	0.079	0.079	0.077	0.077	0.077	0.077	0.077	0.077	0.077	0.077	0.077
C	0.438	0.076	0.077	0.466	0.356	0.265	0.103	0.078	0.078	0.08	0.078	0.079
D	0.079	0.079	0.079	0.076	0.076	0.076	0.076	0.076	0.076	0.076	0.076	0.076
E	0.413	0.075	0.076	0.392	0.392	0.362	0.362	0.419	0.345	0.272	0.078	0.079
F	0.078	0.077	0.077	0.075	0.075	0.075	0.075	0.075	0.075	0.075	0.075	0.075
G	0.47	0.076	0.076	0.304	0.294	0.289	0.294	0.276	0.256	0.129	0.132	0.085
H	0.081	0.078	0.078	0.076	0.076	0.076	0.076	0.076	0.076	0.076	0.076	0.076