




Results
	1	2	3	4	5	6	7	8	9	10	11	12
A	0.583	0.077	0.472	0.251	0.306	0.213	0.095	0.096	0.092	0.077	0.087	0.084	
B	0.093	0.089	0.088	0.077	0.077	0.077	0.077	0.077	0.077	0.077	0.077	0.077
C	0.531	0.08	0.516	0.358	0.315	0.284	0.285	0.117	0.096	0.083	0.083	0.085	
D	0.106	0.094	0.092	0.08	0.08	0.08	0.08	0.08	0.08	0.08	0.08	0.08
E	0.617	0.076	0.463	0.382	0.387	0.341	0.402	0.122	0.093	0.077	0.087	0.093	
F	0.12	0.096	0.091	0.076	0.076	0.076	0.076	0.076	0.076	0.076	0.076	0.076
G	0.321	0.077	0.484	0.416	0.361	0.371	0.265	0.109	0.089	0.09	0.083	0.084	
H	0.099	0.092	0.086	0.077	0.077	0.077	0.077	0.077	0.077	0.077	0.077	0.077