

Results
	1	2	3	4	5	6	7	8	9	10	11	12
A	0.686	0.078	0.4	0.148	0.104	0.084	0.082	0.083	0.081	0.213	0.102	0.109
B	0.118	0.085	0.085	0.078	0.078	0.078	0.078	0.078	0.078	0.078	0.078	0.078
C	0.57	0.078	0.53	0.175	0.093	0.201	0.114	0.095	0.083	0.083	0.083	0.082	
D	0.092	0.087	0.086	0.078	0.078	0.078	0.078	0.078	0.078	0.078	0.078	0.078
E	0.599	0.078	0.386	0.341	0.101	0.36	0.307	0.08	0.085	0.083	0.081	0.081	
F	0.121	0.092	0.088	0.078	0.078	0.078	0.078	0.078	0.078	0.078	0.078	0.078
G	0.637	0.076	0.471	0.358	0.101	0.375	0.247	0.218	0.082	0.084	0.081	0.08	
H	0.16	0.086	0.081	0.076	0.076	0.076	0.076	0.076	0.076	0.076	0.076	0.076