


Results
	1	2	3	4	5	6	7	8	9	10	11	12
A	0.528	0.078	0.479	0.426	0.343	0.126	0.107	0.089	0.38	0.32	0.306	0.271	
B	0.096	0.083	0.083	0.078	0.078	0.078	0.078	0.078	0.078	0.078	0.078	0.078
C	0.642	0.08	0.432	0.4	0.177	0.097	0.148	0.437	0.446	0.402	0.369	0.346
D	0.145	0.084	0.082	0.08	0.08	0.08	0.08	0.08	0.08	0.08	0.08	0.08
E	0.535	0.077	0.531	0.494	0.383	0.367	0.119	0.12	0.466	0.443	0.418	0.415	
F	0.112	0.095	0.083	0.077	0.077	0.077	0.077	0.077	0.077	0.077	0.077	0.077
G	0.553	0.076	0.535	0.517	0.563	0.408	0.101	0.091	0.516	0.42	0.384	0.363	
H	0.085	0.083	0.082	0.076	0.076	0.076	0.076	0.076	0.076	0.076	0.076	0.076