































Results
	1	2	3	4	5	6	7	8	9	10	11	12
A	0.466	0.076	0.386	0.318	0.3	0.136	0.123	0.094	0.095	0.085	0.084	0.083
B	0.076	0.076	0.076	0.076	0.076	0.076	0.076	0.076	0.076	0.076	0.076	0.076
C	0.477	0.077	0.393	0.373	0.28	0.239	0.145	0.11	0.095	0.088	0.085	0.088
D	0.077	0.077	0.077	0.077	0.077	0.077	0.077	0.077	0.077	0.077	0.077	0.077
E	0.701	0.076	0.478	0.414	0.371	0.347	0.285	0.12	0.116	0.092	0.088	0.087
F	0.076	0.076	0.076	0.076	0.076	0.076	0.076	0.076	0.076	0.076	0.076	0.076
G	0.509	0.076	0.394	0.38	0.356	0.35	0.231	0.12	0.076	0.095	0.089	0.088
H	0.076	0.076	0.076	0.076	0.076	0.076	0.076	0.076	0.076	0.076	0.076	0.076