
Results
	1	2	3	4	5	6	7	8	9	10	11	12
A	0.442	0.076	0.121	0.106	0.11	0.123	0.117	0.076	0.122	0.125	0.122	0.167
B	0.079	0.078	0.079	0.076	0.076	0.076	0.076	0.076	0.076	0.076	0.076	0.076
C	0.636	0.076	0.186	0.179	0.172	0.189	0.162	0.158	0.164	0.17	0.132	0.086
D	0.08	0.08	0.082	0.076	0.076	0.076	0.076	0.076	0.076	0.076	0.076	0.076
E	0.614	0.078	0.367	0.37	0.27	0.37	0.26	0.343	0.318	0.361	0.272	0.265
F	0.176	0.082	0.08	0.078	0.078	0.078	0.078	0.078	0.078	0.078	0.078	0.078
G	0.583	0.076	0.496	0.463	0.504	0.489	0.339	0.363	0.32	0.296	0.264	0.104
H	0.111	0.084	0.081	0.076	0.076	0.076	0.076	0.076	0.076	0.076	0.076	0.076