































Results
	1	2	3	4	5	6	7	8	9	10	11	12
A	0.589	0.077	0.382	0.323	0.284	0.208	0.113	0.094	0.107	0.102	0.089	0.089
B	0.085	0.082	0.081	0.077	0.077	0.077	0.077	0.077	0.077	0.077	0.077	0.077
C	0.467	0.077	0.38	0.37	0.329	0.22	0.142	0.116	0.125	0.096	0.088	0.082
D	0.087	0.08	0.08	0.077	0.077	0.077	0.077	0.077	0.077	0.077	0.077	0.077
E	0.633	0.076	0.434	0.391	0.337	0.319	0.255	0.141	0.107	0.102	0.096	0.089
F	0.085	0.083	0.081	0.076	0.076	0.076	0.076	0.076	0.076	0.076	0.076	0.076
G	0.497	0.078	0.414	0.386	0.345	0.317	0.228	0.108	0.111	0.159	0.095	0.084
H	0.087	0.082	0.081	0.078	0.078	0.078	0.078	0.078	0.078	0.078	0.078	0.078