































Results
	1	2	3	4	5	6	7	8	9	10	11	12
A	0.43	0.078	0.182	0.327	0.27	0.301	0.307	0.286	0.276	0.207	0.162	0.107
B	0.096	0.082	0.081	0.078	0.078	0.078	0.078	0.078	0.078	0.078	0.078	0.078
C	0.425	0.077	0.077	0.379	0.36	0.319	0.298	0.3	0.292	0.232	0.187	0.204
D	0.164	0.093	0.08	0.077	0.077	0.077	0.077	0.077	0.077	0.077	0.077	0.077
E	0.454	0.076	0.076	0.402	0.387	0.345	0.368	0.354	0.386	0.301	0.198	0.349
F	0.148	0.083	0.08	0.076	0.076	0.076	0.076	0.076	0.076	0.076	0.076	0.076
G	0.493	0.076	0.076	0.391	0.42	0.375	0.393	0.382	0.361	0.328	0.234	0.18
H	0.111	0.085	0.082	0.076	0.076	0.076	0.076	0.076	0.076	0.076	0.076	0.076