































Results
	1	2	3	4	5	6	7	8	9	10	11	12
A	0.402	0.079	0.078	0.372	0.338	0.324	0.301	0.356	0.324	0.346	0.331	0.315
B	0.295	0.212	0.2	0.134	0.087	0.079	0.079	0.079	0.079	0.079	0.079	0.079
C	0.406	0.094	0.085	0.352	0.409	0.407	0.414	0.388	0.394	0.363	0.328	0.425
D	0.424	0.338	0.222	0.135	0.139	0.094	0.094	0.094	0.094	0.094	0.094	0.094
E	0.567	0.076	0.076	0.342	0.34	0.317	0.318	0.314	0.311	0.353	0.306	0.411
F	0.429	0.285	0.226	0.189	0.174	0.076	0.076	0.076	0.076	0.076	0.076	0.076
G	0.393	0.077	0.076	0.409	0.408	0.422	0.383	0.394	0.408	0.397	0.372	0.453
H	0.382	0.359	0.335	0.171	0.114	0.077	0.077	0.077	0.077	0.077	0.077	0.077