































Results
	1	2	3	4	5	6	7	8	9	10	11	12
A	0.44	0.078	0.08	0.432	0.431	0.418	0.312	0.307	0.292	0.279	0.239	0.157
B	0.199	0.102	0.086	0.082	0.082	0.078	0.078	0.078	0.078	0.078	0.078	0.078
C	0.469	0.079	0.078	0.408	0.408	0.396	0.403	0.442	0.369	0.315	0.276	0.313
D	0.263	0.167	0.112	0.087	0.083	0.079	0.079	0.079	0.079	0.079	0.079	0.079
E	0.443	0.078	0.081	0.402	0.392	0.078	0.326	0.435	0.422	0.329	0.342	0.434
F	0.25	0.103	0.089	0.087	0.085	0.078	0.078	0.078	0.078	0.078	0.078	0.078
G	0.594	0.078	0.079	0.405	0.401	0.419	0.398	0.389	0.374	0.36	0.357	0.331
H	0.329	0.169	0.152	0.146	0.104	0.078	0.078	0.078	0.078	0.078	0.078	0.078