































Results
	1	2	3	4	5	6	7	8	9	10	11	12
A	0.584	0.079	0.078	0.244	0.226	0.273	0.157	0.215	0.143	0.151	0.131	0.095
B	0.129	0.12	0.08	0.08	0.079	0.079	0.079	0.079	0.079	0.079	0.079	0.079
C	0.576	0.077	0.077	0.474	0.503	0.451	0.445	0.448	0.41	0.397	0.342	0.359
D	0.321	0.19	0.135	0.125	0.08	0.077	0.077	0.077	0.077	0.077	0.077	0.077
E	0.725	0.077	0.077	0.463	0.475	0.457	0.455	0.521	0.428	0.391	0.382	0.396
F	0.323	0.114	0.123	0.108	0.084	0.077	0.077	0.077	0.077	0.077	0.077	0.077
G	0.595	0.076	0.077	0.463	0.537	0.465	0.509	0.456	0.451	0.481	0.399	0.441
H	0.404	0.173	0.142	0.134	0.158	0.076	0.076	0.076	0.076	0.076	0.076	0.076