































Results
	1	2	3	4	5	6	7	8	9	10	11	12
A	0.712	0.086	0.085	0.647	0.497	0.329	0.362	0.353	0.381	0.37	0.374	0.432
B	0.184	0.13	0.151	0.099	0.093	0.086	0.086	0.086	0.086	0.086	0.086	0.086
C	0.656	0.083	0.09	0.564	0.567	0.579	0.47	0.396	0.393	0.444	0.363	0.704
D	0.361	0.156	0.139	0.141	0.118	0.083	0.083	0.083	0.083	0.083	0.083	0.083
E	0.611	0.089	0.091	0.47	0.474	0.514	0.443	0.406	0.449	0.427	0.39	0.56
F	0.3	0.151	0.119	0.102	0.092	0.089	0.089	0.089	0.089	0.089	0.089	0.089
G	0.592	0.084	0.083	0.511	0.517	0.525	0.554	0.532	0.423	0.487	0.484	0.552
H	0.469	0.346	0.125	0.108	0.173	0.084	0.084	0.084	0.084	0.084	0.084	0.084