































Results
	1	2	3	4	5	6	7	8	9	10	11	12
A	0.389	0.078	0.078	0.355	0.381	0.327	0.264	0.299	0.273	0.271	0.189	0.078
B	0.094	0.093	0.087	0.084	0.082	0.078	0.078	0.078	0.078	0.078	0.078	0.078
C	0.471	0.077	0.077	0.385	0.357	0.35	0.372	0.381	0.368	0.298	0.281	0.221
D	0.26	0.116	0.147	0.11	0.081	0.077	0.077	0.077	0.077	0.077	0.077	0.077
E	0.608	0.076	0.077	0.34	0.385	0.372	0.379	0.352	0.323	0.318	0.293	0.286
F	0.278	0.094	0.12	0.081	0.079	0.076	0.076	0.076	0.076	0.076	0.076	0.076
G	0.515	0.077	0.078	0.397	0.409	0.379	0.417	0.411	0.413	0.376	0.342	0.408
H	0.379	0.136	0.177	0.177	0.128	0.077	0.077	0.077	0.077	0.077	0.077	0.077