































Results
	1	2	3	4	5	6	7	8	9	10	11	12
A	0.568	0.084	0.084	0.553	0.54	0.48	0.421	0.405	0.418	0.354	0.35	0.388
B	0.281	0.151	0.169	0.15	0.096	0.084	0.084	0.084	0.084	0.084	0.084	0.084
C	0.645	0.083	0.084	0.54	0.55	0.572	0.548	0.53	0.529	0.416	0.343	0.507
D	0.428	0.323	0.158	0.124	0.155	0.083	0.083	0.083	0.083	0.083	0.083	0.083
E	0.521	0.083	0.084	0.425	0.464	0.532	0.45	0.501	0.456	0.423	0.368	0.609
F	0.475	0.627	0.141	0.125	0.122	0.083	0.083	0.083	0.083	0.083	0.083	0.083
G	0.587	0.083	0.084	0.55	0.569	0.59	0.538	0.519	0.587	0.501	0.53	0.587
H	0.481	0.47	0.402	0.14	0.117	0.083	0.083	0.083	0.083	0.083	0.083	0.083