































Results
	1	2	3	4	5	6	7	8	9	10	11	12
A	0.477	0.079	0.078	0.354	0.272	0.272	0.267	0.296	0.262	0.26	0.292	0.115
B	0.11	0.108	0.085	0.079	0.079	0.079	0.079	0.079	0.079	0.079	0.079	0.079
C	0.414	0.076	0.077	0.353	0.358	0.353	0.326	0.311	0.305	0.295	0.283	0.419
D	0.241	0.117	0.11	0.076	0.076	0.076	0.076	0.076	0.076	0.076	0.076	0.076
E	0.425	0.076	0.076	0.323	0.329	0.327	0.311	0.301	0.294	0.275	0.244	0.458
F	0.162	0.109	0.087	0.076	0.076	0.076	0.076	0.076	0.076	0.076	0.076	0.076
G	0.434	0.076	0.076	0.4	0.395	0.422	0.386	0.376	0.35	0.356	0.328	0.394
H	0.339	0.128	0.139	0.076	0.076	0.076	0.076	0.076	0.076	0.076	0.076	0.076