































Results
	1	2	3	4	5	6	7	8	9	10	11	12
A	0.571	0.078	0.078	0.459	0.458	0.384	0.38	0.389	0.385	0.362	0.347	0.312
B	0.306	0.223	0.222	0.142	0.087	0.078	0.078	0.078	0.078	0.078	0.078	0.078
C	0.533	0.078	0.077	0.45	0.441	0.44	0.446	0.44	0.431	0.413	0.333	0.437
D	0.346	0.303	0.157	0.142	0.149	0.078	0.078	0.078	0.078	0.078	0.078	0.078
E	0.489	0.077	0.082	0.421	0.461	0.453	0.42	0.469	0.413	0.389	0.359	0.422
F	0.441	0.492	0.16	0.136	0.109	0.077	0.077	0.077	0.077	0.077	0.077	0.077
G	0.488	0.077	0.077	0.512	0.521	0.46	0.534	0.539	0.506	0.453	0.502	0.471
H	0.394	0.413	0.336	0.15	0.139	0.077	0.077	0.077	0.077	0.077	0.077	0.077