































Results
	1	2	3	4	5	6	7	8	9	10	11	12
A	0.574	0.084	0.084	0.489	0.35	0.151	0.11	0.092	0.093	0.092	0.088	0.087	630
B	0.093	0.088	0.084	0.084	0.084	0.084	0.084	0.084	0.084	0.084	0.084	0.084	630
C	0.494	0.084	0.084	0.38	0.344	0.109	0.116	0.094	0.09	0.088	0.087	0.087	630
D	0.089	0.088	0.089	0.084	0.084	0.084	0.084	0.084	0.084	0.084	0.084	0.084	630
E	0.544	0.084	0.084	0.411	0.423	0.145	0.123	0.089	0.088	0.088	0.088	0.087	630
F	0.088	0.09	0.09	0.084	0.084	0.084	0.084	0.084	0.084	0.084	0.084	0.084	630
G	0.591	0.084	0.084	0.402	0.427	0.112	0.113	0.092	0.09	0.091	0.089	0.089	630
H	0.089	0.089	0.088	0.084	0.084	0.084	0.084	0.084	0.084	0.084	0.084	0.084	630