































Results
	1	2	3	4	5	6	7	8	9	10	11	12
A	0.575	0.078	0.077	0.31	0.287	0.164	0.109	0.186	0.12	0.129	0.112	0.08
B	0.084	0.08	0.081	0.078	0.078	0.078	0.078	0.078	0.078	0.078	0.078	0.078
C	0.45	0.076	0.077	0.37	0.311	0.262	0.148	0.094	0.151	0.131	0.145	0.163
D	0.089	0.081	0.079	0.076	0.076	0.076	0.076	0.076	0.076	0.076	0.076	0.076
E	0.721	0.076	0.076	0.383	0.367	0.33	0.29	0.118	0.098	0.108	0.09	0.083
F	0.083	0.082	0.08	0.076	0.076	0.076	0.076	0.076	0.076	0.076	0.076	0.076
G	0.514	0.076	0.076	0.423	0.422	0.384	0.326	0.256	0.224	0.198	0.113	0.08
H	0.083	0.078	0.078	0.076	0.076	0.076	0.076	0.076	0.076	0.076	0.076	0.076