































Results
	1	2	3	4	5	6	7	8	9	10	11	12
A	0.492	0.083	0.084	0.286	0.308	0.359	0.241	0.147	0.088	0.087	0.084	0.086	630
B	0.085	0.087	0.085	0.083	0.083	0.083	0.083	0.083	0.083	0.083	0.083	0.083	630
C	0.445	0.083	0.083	0.366	0.386	0.3	0.195	0.172	0.153	0.097	0.085	0.086	630
D	0.085	0.086	0.087	0.083	0.083	0.083	0.083	0.083	0.083	0.083	0.083	0.083	630
E	0.56	0.083	0.084	0.432	0.417	0.296	0.297	0.241	0.178	0.091	0.086	0.086	630
F	0.086	0.085	0.085	0.083	0.083	0.083	0.083	0.083	0.083	0.083	0.083	0.083	630
G	0.459	0.083	0.14	0.451	0.435	0.223	0.253	0.178	0.105	0.086	0.085	0.086	630
H	0.086	0.084	0.084	0.083	0.083	0.083	0.083	0.083	0.083	0.083	0.083	0.083	630