































Results
	1	2	3	4	5	6	7	8	9	10	11	12
A	0.472	0.08	0.078	0.406	0.391	0.367	0.382	0.362	0.347	0.351	0.313	0.426
B	0.275	0.197	0.189	0.12	0.075	0.08	0.08	0.08	0.08	0.08	0.08	0.08
C	0.537	0.077	0.078	0.409	0.393	0.378	0.379	0.374	0.378	0.295	0.291	0.383
D	0.379	0.304	0.188	0.106	0.076	0.077	0.077	0.077	0.077	0.077	0.077	0.077
E	0.604	0.077	0.077	0.386	0.423	0.431	0.432	0.406	0.412	0.379	0.37	0.438
F	0.371	0.282	0.136	0.142	0.075	0.077	0.077	0.077	0.077	0.077	0.077	0.077
G	0.642	0.077	0.077	0.488	0.443	0.488	0.473	0.486	0.469	0.459	0.433	0.465
H	0.427	0.39	0.366	0.294	0.076	0.077	0.077	0.077	0.077	0.077	0.077	0.077