































Results
	1	2	3	4	5	6	7	8	9	10	11	12
A	0.403	0.077	0.077	0.352	0.333	0.279	0.273	0.163	0.107	0.092	0.089	0.087
B	0.087	0.084	0.084	0.077	0.077	0.077	0.077	0.077	0.077	0.077	0.077	0.077
C	0.436	0.077	0.077	0.436	0.344	0.333	0.312	0.267	0.237	0.166	0.143	0.112
D	0.118	0.107	0.079	0.077	0.077	0.077	0.077	0.077	0.077	0.077	0.077	0.077
E	0.368	0.076	0.076	0.387	0.385	0.388	0.37	0.336	0.198	0.143	0.119	0.197
F	0.107	0.079	0.078	0.076	0.076	0.076	0.076	0.076	0.076	0.076	0.076	0.076
G	0.535	0.077	0.076	0.488	0.441	0.408	0.378	0.371	0.337	0.301	0.276	0.123
H	0.109	0.078	0.079	0.077	0.077	0.077	0.077	0.077	0.077	0.077	0.077	0.077