































Results
	1	2	3	4	5	6	7	8	9	10	11	12
A	0.549	0.077	0.077	0.335	0.306	0.293	0.287	0.276	0.273	0.25	0.2	0.24
B	0.135	0.097	0.082	0.077	0.077	0.077	0.077	0.077	0.077	0.077	0.077	0.077
C	0.417	0.076	0.077	0.365	0.38	0.306	0.312	0.295	0.291	0.274	0.247	0.308
D	0.153	0.124	0.105	0.076	0.076	0.076	0.076	0.076	0.076	0.076	0.076	0.076
E	0.701	0.077	0.076	0.399	0.368	0.385	0.369	0.337	0.297	0.292	0.205	0.225
F	0.108	0.117	0.086	0.077	0.077	0.077	0.077	0.077	0.077	0.077	0.077	0.077
G	0.565	0.076	0.076	0.355	0.391	0.376	0.34	0.366	0.359	0.338	0.325	0.395
H	0.243	0.1	0.087	0.076	0.076	0.076	0.076	0.076	0.076	0.076	0.076	0.076