rep	0	1	2	4	5.2	6.8	8.4	11.2	14.4	18.4	20	30.8	40
SS_R1_A1+M0	0.000	0.251	0.648	0.908	0.939	0.942	0.951	0.935	0.971	0.984	0.978	0.982	0.980
SS_R1_A1+M1	0.000	0.208	0.175	0.564	0.869	0.975	0.986	0.989	0.991	0.991	0.994	0.994	0.995
SS_R1_A1+M2	0.000	-0.319	0.129	0.425	0.615	0.930	0.964	0.971	0.975	0.989	0.975	0.977	0.973
SS_R1_A1+M3	0.000	0.979	0.987	0.989	0.990	0.994	0.987	0.975	0.987	0.985	0.983	0.989	0.989
SS_R1_A1+M4	0.000	0.913	0.928	0.964	0.957	0.978	0.986	0.899	0.899	0.949	0.949	0.971	0.942
SS_R1_A1+M5	0.000	0.117	0.545	0.942	0.972	0.972	0.978	0.985	0.985	0.988	0.978	0.988	0.975
SS_R1_A1+M6	0.000	0.060	0.048	0.944	0.960	0.919	0.968	0.972	0.980	0.980	0.972	0.976	0.980
SS_R1_A1+M7	0.000	0.553	0.549	0.930	0.954	0.967	0.978	0.983	0.989	0.989	0.991	0.989	0.876
SS_R2_A1+M0	0.000	0.529	0.680	0.926	0.951	0.955	0.966	0.977	0.980	0.987	0.983	0.992	0.993
SS_R2_A1+M1	0.000	0.260	0.486	0.715	0.870	0.974	0.988	0.988	0.982	0.992	0.993	0.993	0.993
SS_R2_A1+M2	0.000	0.143	0.314	0.466	0.688	0.939	0.959	0.962	0.971	0.982	0.966	0.977	0.982
SS_R2_A1+M3	0.000	0.928	0.985	0.988	0.985	0.990	0.993	0.983	0.985	0.985	0.985	0.985	0.988
SS_R2_A1+M4	0.000	0.982	0.987	1.000	0.997	1.005	1.005	0.974	0.979	0.987	0.992	0.990	0.979
SS_R2_A1+M5	0.000	0.217	0.585	0.944	0.964	0.976	0.982	0.982	0.985	0.982	0.979	0.973	0.988
SS_R2_A1+M6	0.000	0.231	0.234	0.933	0.967	0.936	0.977	0.943	0.960	0.973	0.980	0.980	0.987
SS_R2_A1+M7	0.000	0.276	0.294	0.909	0.932	0.771	0.965	0.971	0.982	0.979	0.979	0.982	0.979
SS_R3_A1+M0	0.000	0.450	0.559	0.937	0.953	0.951	0.962	0.966	0.973	0.984	0.980	0.989	0.989
SS_R3_A1+M1	0.000	0.239	0.369	0.736	0.934	0.975	0.988	0.987	0.987	0.982	0.990	0.992	0.992
SS_R3_A1+M2	0.000	-0.255	0.163	0.416	0.538	0.771	0.966	0.988	0.990	0.985	0.983	0.988	0.983
SS_R3_A1+M3	0.000	0.974	0.985	0.823	0.991	0.991	0.987	0.978	0.981	0.985	0.981	0.987	0.987
SS_R3_A1+M4	0.000	0.953	0.972	0.991	0.993	0.986	1.000	0.951	0.960	0.967	0.977	0.984	0.981
SS_R3_A1+M5	0.000	0.297	0.582	0.960	0.958	0.972	0.983	0.986	0.989	0.986	0.969	0.963	0.975
SS_R3_A1+M6	0.000	0.248	0.212	0.902	0.948	0.971	0.974	0.954	0.951	0.967	0.984	0.980	0.990
SS_R3_A1+M7	0.000	0.307	0.356	0.912	0.896	0.948	0.956	0.967	0.962	0.978	0.978	0.973	0.723
SS_R4_A1+M0	0.000	0.476	0.555	0.938	0.941	0.952	0.963	0.971	0.969	0.976	0.974	0.985	0.987
SS_R4_A1+M1	0.000	0.340	0.511	0.739	0.642	0.982	0.988	0.986	0.988	0.989	0.995	0.995	0.996
SS_R4_A1+M2	0.000	-0.108	0.197	0.438	0.736	0.926	0.972	0.974	0.964	0.979	0.974	0.974	0.979
SS_R4_A1+M3	0.000	0.977	0.983	0.990	0.990	0.992	0.990	0.975	0.983	0.983	0.971	0.986	0.988
SS_R4_A1+M4	0.000	0.978	0.984	1.004	1.004	1.000	1.009	0.971	0.991	0.980	0.996	0.993	0.993
SS_R4_A1+M5	0.000	0.237	0.574	0.922	0.964	0.975	0.975	0.981	0.986	0.986	0.967	0.975	0.975
SS_R4_A1+M6	0.000	0.153	0.201	0.951	0.941	0.979	0.965	0.983	0.976	0.976	0.986	0.990	0.993
SS_R4_A1+M7	0.000	0.386	0.414	0.924	0.948	0.955	0.955	0.976	0.986	0.986	0.974	0.988	0.988
SS_R3_A2+M0	0.000	0.307	0.413	0.250	0.359	0.993	0.998	0.998	0.998	0.995	1.000	1.000	1.000
SS_R3_A2+M1	0.000	0.057	0.171	0.644	0.901	0.727	0.941	0.974	0.976	0.980	0.985	0.989	0.987
SS_R3_A2+M2	0.000	-0.184	0.012	0.193	0.511	0.907	0.897	0.972	0.972	0.972	0.975	0.975	0.978
SS_R3_A2+M3	0.000	0.982	0.988	0.994	0.994	0.994	0.988	0.986	0.986	0.988	0.988	0.986	0.990
SS_R3_A2+M4	0.000	0.978	0.989	1.000	1.000	0.993	0.993	0.978	0.963	0.989	0.993	1.000	0.993
SS_R3_A2+M5	0.000	0.280	0.576	0.950	0.972	0.981	0.981	0.986	0.983	0.986	0.978	0.970	0.967
SS_R3_A2+M6	0.000	0.293	0.368	0.949	0.963	0.966	0.966	0.973	0.976	0.983	0.985	0.988	0.993
SS_R3_A2+M7	0.000	0.255	0.426	0.471	0.929	0.942	0.955	0.970	0.970	0.981	0.985	0.981	0.983
SS_R1_A3+M0	0.000	0.255	0.287	0.299	0.424	0.914	0.745	0.978	0.984	0.987	0.981	1.000	1.000
SS_R1_A3+M1	0.000	0.172	0.236	0.471	0.523	0.467	0.689	0.623	0.627	0.990	0.992	0.992	0.994
SS_R1_A3+M2	0.000	0.010	-0.161	0.097	0.301	0.264	0.455	0.799	0.977	0.973	0.970	0.970	0.977
SS_R1_A3+M3	0.000	0.702	0.991	0.995	0.997	0.997	0.997	0.847	0.990	0.990	0.991	0.995	0.990
SS_R1_A3+M4	0.000	0.977	0.989	1.000	0.998	0.998	1.000	0.817	0.942	0.991	0.998	0.994	1.002
SS_R1_A3+M5	0.000	0.333	0.482	0.948	0.964	0.964	0.982	0.987	0.984	0.990	0.977	0.966	0.953
SS_R1_A3+M6	0.000	0.403	0.441	0.348	0.907	0.958	0.967	0.982	0.974	0.976	0.987	0.987	0.989
SS_R1_A3+M7	0.000	0.311	0.407	0.761	0.918	0.952	0.966	0.966	0.863	0.988	1.002	1.002	0.998
SS_R2_A3+M0	0.000	0.246	0.265	0.359	0.572	0.917	0.945	0.970	0.970	0.975	0.983	1.000	1.000
SS_R2_A3+M1	0.000	0.230	0.355	0.562	0.809	0.923	0.983	0.985	0.987	0.987	0.994	0.996	0.998
SS_R2_A3+M2	0.000	0.223	0.226	0.481	0.747	0.951	0.979	0.983	0.987	0.985	0.979	0.974	0.989
SS_R2_A3+M3	0.000	0.981	0.995	1.000	1.000	1.002	1.002	0.989	0.994	0.995	0.992	0.997	0.998
SS_R2_A3+M4	0.000	0.955	0.990	0.995	0.995	0.987	0.995	0.977	0.975	0.985	0.985	0.992	0.995
SS_R2_A3+M5	0.000	0.334	0.599	0.963	0.976	0.981	0.987	0.989	0.984	0.989	0.968	0.957	0.957
SS_R2_A3+M6	0.000	0.305	0.435	0.921	0.966	0.958	0.889	0.971	0.973	0.985	0.983	0.988	0.988
SS_R2_A3+M7	0.000	0.446	0.441	0.962	0.959	0.969	0.974	0.981	0.986	0.988	0.986	0.986	0.986
SS_R3_A3+M0	0.000	0.214	-0.049	0.168	0.073	0.413	0.755	0.988	0.988	0.991	0.982	1.000	1.000
SS_R3_A3+M1	0.000	0.335	0.394	0.482	0.573	0.949	0.937	0.811	0.982	0.980	0.986	0.988	0.992
SS_R3_A3+M2	0.000	-0.364	-0.283	-0.012	-0.101	0.512	0.891	0.081	0.950	0.965	0.965	0.965	0.969
SS_R3_A3+M3	0.000	0.966	0.979	0.992	0.987	0.993	0.995	0.736	0.977	0.977	0.984	0.980	0.980
SS_R3_A3+M4	0.000	0.955	0.979	0.989	0.993	0.998	0.998	0.698	0.966	0.965	0.979	0.979	0.994
SS_R3_A3+M5	0.000	0.379	0.338	0.944	0.962	0.969	0.967	0.964	0.952	0.985	0.972	0.975	0.985
SS_R3_A3+M6	0.000	0.255	0.396	0.551	0.925	0.932	0.956	0.966	0.910	0.968	0.973	0.981	0.983
SS_R3_A3+M7	0.000	0.068	0.338	0.431	0.854	0.938	0.955	0.958	0.969	0.992	0.955	0.975	0.980
SS_R4_A3+M0	0.000	0.148	0.036	0.325	0.518	0.919	0.937	0.958	0.961	0.961	0.961	1.000	1.000
SS_R4_A3+M1	0.000	0.090	0.035	0.346	0.991	0.993	0.993	0.993	0.991	0.975	0.993	0.993	0.995
SS_R4_A3+M2	0.000	-0.135	0.344	0.443	0.736	0.889	0.907	0.909	0.920	0.987	0.971	0.980	0.987
SS_R4_A3+M3	0.000	0.977	0.992	0.996	0.997	0.997	0.996	0.988	0.992	0.951	0.988	0.992	0.994
SS_R4_A3+M4	0.000	0.969	0.982	0.990	0.986	0.994	0.994	0.972	0.978	0.986	0.988	0.994	0.988
SS_R4_A3+M5	0.000	0.294	0.752	0.921	0.953	0.971	0.980	0.985	0.985	0.988	0.985	0.991	0.988
SS_R4_A3+M6	0.000	0.465	0.460	0.936	0.963	0.982	0.986	0.986	0.989	0.991	0.986	0.989	0.991
SS_R4_A3+M7	0.000	0.238	0.320	0.915	0.938	0.953	0.915	0.912	0.982	0.953	0.977	0.985	0.982
SS_R1_A4+M0	0.000	0.338	0.482	0.335	0.398	0.639	0.650	0.914	0.954	0.992	1.000	1.000	1.000
SS_R1_A4+M1	0.000	0.347	0.424	0.644	0.706	0.729	0.848	0.907	0.992	0.991	0.992	0.992	0.992
SS_R1_A4+M2	0.000	0.070	0.183	0.335	0.513	0.817	0.842	0.845	0.862	0.904	0.975	0.980	0.986
SS_R1_A4+M3	0.000	0.743	0.986	0.992	0.988	0.992	0.994	0.944	0.982	0.986	0.949	0.986	0.986
SS_R1_A4+M4	0.000	0.886	0.994	0.988	0.998	0.994	0.998	0.986	0.992	0.992	0.988	0.996	0.996
SS_R1_A4+M5	0.000	0.321	0.478	0.958	0.966	0.972	0.978	0.986	0.986	0.989	0.980	0.992	0.994
SS_R1_A4+M6	0.000	0.406	0.449	0.934	0.967	0.982	0.987	0.987	0.990	0.990	0.987	0.990	0.992
SS_R1_A4+M7	0.000	0.362	0.322	0.937	0.937	0.590	0.963	0.983	0.980	0.986	0.977	0.983	0.989
SS_R2_A4+M0	0.000	0.500	0.543	0.567	0.649	0.644	0.965	0.957	0.950	0.970	1.000	1.000	1.000
SS_R2_A4+M1	0.000	0.137	0.290	0.495	0.742	0.945	0.954	0.977	0.961	0.975	0.977	0.984	0.989
SS_R2_A4+M2	0.000	0.273	0.467	0.527	0.572	0.775	0.880	0.881	0.912	0.931	0.972	0.975	0.982
SS_R2_A4+M3	0.000	0.927	0.987	0.993	0.996	0.996	0.996	0.980	0.978	0.980	0.977	0.980	0.989
SS_R2_A4+M4	0.000	0.957	0.988	0.995	0.995	0.992	0.998	0.965	0.980	0.987	0.997	1.000	0.992
SS_R2_A4+M5	0.000	0.414	0.798	0.952	0.955	0.964	0.971	0.979	0.988	0.988	0.993	0.990	0.988
SS_R2_A4+M6	0.000	0.306	0.375	0.896	0.934	0.936	0.949	0.963	0.984	0.981	0.981	0.989	0.989
SS_R2_A4+M7	0.000	0.620	0.634	0.996	1.103	1.116	1.118	1.116	1.126	1.149	1.141	1.147	1.078
SS_R3_A4+M0	0.000	0.417	0.453	0.324	0.497	0.516	0.606	0.356	0.886	0.977	1.000	1.000	1.000
SS_R3_A4+M1	0.000	0.155	0.257	0.441	0.436	0.593	0.766	0.882	0.958	0.992	0.990	0.992	0.995
SS_R3_A4+M2	0.000	0.068	0.289	0.517	0.496	0.556	0.800	0.888	0.899	0.963	0.969	0.981	0.983
SS_R3_A4+M3	0.000	0.962	0.985	0.993	0.993	0.993	0.995	0.969	0.978	0.984	0.982	0.987	0.989
SS_R3_A4+M4	0.000	0.948	0.983	0.987	0.993	0.995	0.993	0.876	0.980	0.983	0.980	0.983	0.988
SS_R3_A4+M5	0.000	0.346	0.343	0.931	0.945	0.953	0.961	0.975	0.978	0.983	0.972	0.986	0.983
SS_R3_A4+M6	0.000	0.407	0.426	0.710	0.910	0.931	0.952	0.968	0.971	0.984	0.979	0.987	0.989
SS_R3_A4+M7	0.000	0.448	0.585	0.608	1.000	1.106	1.114	1.122	1.127	1.137	1.137	1.147	1.149
SS_R2_A5+M0	0.000	-0.165	0.077	0.277	0.297	0.407	0.764	0.929	0.717	0.978	0.989	1.000	1.000
SS_R2_A5+M1	0.000	0.317	0.152	0.416	0.342	0.652	0.819	0.864	0.882	0.971	0.971	0.977	0.984
SS_R2_A5+M2	0.000	0.105	0.210	0.378	0.355	0.476	0.654	0.615	0.695	0.938	0.961	0.986	0.995
SS_R2_A5+M3	0.000	0.886	0.985	0.992	0.985	0.998	0.998	0.907	0.954	0.975	0.973	0.971	0.990
SS_R2_A5+M4	0.000	0.647	0.984	0.984	0.987	0.989	0.990	0.865	0.945	0.976	0.954	0.972	0.979
SS_R2_A5+M5	0.000	0.265	0.352	0.995	0.924	0.948	0.958	0.969	0.955	0.979	0.974	0.987	0.987
SS_R2_A5+M6	0.000	0.026	0.197	0.668	0.862	0.859	0.931	0.954	0.947	0.977	0.974	0.984	0.987
SS_R2_A5+M7	0.000	0.306	0.387	0.468	0.677	0.917	0.960	0.957	0.967	0.979	0.957	0.976	0.983
SS_R1_A6+M0	0.000	0.180	0.062	0.123	0.445	0.338	0.428	0.563	0.711	1.002	0.993	1.002	1.002
SS_R1_A6+M1	0.000	0.179	0.263	0.412	0.482	0.731	0.916	0.902	0.986	0.989	0.983	0.989	0.992
SS_R1_A6+M2	0.000	-0.072	0.200	0.333	0.328	0.444	0.764	0.819	0.914	0.922	0.972	0.981	0.983
SS_R1_A6+M3	0.000	0.978	0.991	0.996	0.996	0.996	0.996	0.976	0.987	0.987	0.981	0.981	0.993
SS_R1_A6+M4	0.000	0.931	0.990	1.000	0.997	0.998	1.000	0.961	0.985	0.995	0.993	1.002	1.003
SS_R1_A6+M5	0.000	0.627	0.694	1.000	0.958	0.971	0.978	0.978	0.966	0.985	0.988	0.990	0.993
SS_R1_A6+M6	0.000	0.156	0.209	0.900	0.914	0.944	0.963	0.983	0.957	0.983	0.944	0.983	0.987
SS_R1_A6+M7	0.000	0.273	0.457	0.928	0.957	0.962	0.976	0.950	0.983	0.983	0.976	0.955	0.811
SS_R3_A6+M0	0.000	0.097	0.222	0.381	0.387	0.446	0.413	0.484	0.538	0.647	0.990	0.990	0.990
SS_R3_A6+M1	0.000	0.345	0.203	0.281	0.997	0.265	0.475	0.283	0.930	0.953	0.979	0.984	0.987
SS_R3_A6+M2	0.000	-0.221	0.037	0.097	0.131	0.121	0.202	0.087	0.667	0.779	0.925	0.963	0.978
SS_R3_A6+M3	0.000	0.810	0.988	0.991	0.995	0.991	0.995	0.861	0.981	0.983	0.986	0.990	0.990
SS_R3_A6+M4	0.000	0.793	0.980	0.987	0.988	0.990	0.990	0.884	0.965	0.958	0.970	0.983	0.983
SS_R3_A6+M5	0.000	0.350	0.429	0.806	0.921	0.959	0.957	0.971	0.978	0.988	0.976	0.986	0.988
SS_R3_A6+M6	0.000	-0.109	0.151	0.377	0.875	0.943	0.966	0.966	0.970	0.981	0.974	0.981	0.962
SS_R3_A6+M7	0.000	0.280	0.646	0.418	0.665	0.939	0.960	0.973	0.970	0.890	0.963	0.973	0.936
SS_R1_A7+M0	0.000	0.064	0.187	0.416	0.398	0.407	0.402	0.402	0.844	0.856	0.900	0.991	0.993
SS_R1_A7+M1	0.000	0.002	0.466	0.940	0.809	0.819	0.801	0.982	0.988	0.990	0.992	0.978	1.002
SS_R1_A7+M2	0.000	0.136	0.415	0.555	0.803	0.945	0.724	0.963	0.974	0.970	0.970	0.976	0.982
SS_R1_A7+M3	0.000	0.732	0.979	0.989	0.990	0.993	0.993	0.974	0.980	0.985	1.000	0.975	0.987
SS_R1_A7+M4	0.000	0.960	0.979	0.985	0.989	0.990	0.994	0.675	0.968	0.990	0.977	0.985	0.990
SS_R1_A7+M5	0.000	0.285	0.685	0.936	0.941	0.965	0.976	0.973	0.981	0.992	0.989	0.979	0.995
SS_R1_A7+M6	0.000	0.319	0.533	0.957	0.967	0.985	0.990	0.992	0.997	1.000	0.997	1.003	1.003
SS_R1_A7+M7	0.000	0.526	0.490	0.930	0.956	0.973	0.970	0.973	0.985	0.987	0.985	0.894	0.992
SS_R2_A7+M0	0.000	0.500	0.334	0.253	0.343	0.682	0.820	0.886	0.962	0.898	1.003	1.003	1.003
SS_R2_A7+M1	0.000	1.000	0.998	1.000	1.000	1.000	1.000	1.000	1.000	1.000	1.000	1.000	1.000
SS_R2_A7+M2	1	1	1	1	1	1	1	1	1	1	1	1	1
SS_R2_A7+M3	0.000	0.742	-0.132	0.986	0.984	0.986	0.989	0.785	0.911	0.938	0.977	0.984	0.984
SS_R2_A7+M4	0.000	0.893	0.976	0.980	0.983	0.992	0.995	0.907	0.962	0.974	0.994	0.994	0.994
SS_R2_A7+M5	0.000	0.344	0.370	0.845	0.930	0.948	0.948	0.974	0.977	0.987	0.982	0.987	0.969
SS_R2_A7+M6	0.000	0.071	0.120	0.551	0.865	0.888	0.925	0.929	0.959	0.981	0.966	0.831	0.993
SS_R2_A7+M7	0.000	0.281	0.208	0.584	0.886	0.726	0.934	0.941	0.954	0.970	0.973	0.982	0.966
SS_R3_A7+M0	0.000	0.419	0.431	0.441	0.495	0.536	0.516	0.510	0.530	0.454	0.671	0.993	0.995
SS_R3_A7+M1	0.000	0.144	0.354	0.489	0.473	0.595	0.826	0.957	0.987	0.986	0.989	0.991	0.993
SS_R3_A7+M2	0.000	0.185	0.394	0.474	0.516	0.425	0.404	0.768	0.850	0.752	0.978	0.986	0.988
SS_R3_A7+M3	0.000	0.385	0.072	0.989	0.991	0.993	0.993	0.822	0.972	0.980	0.978	0.983	0.987
SS_R3_A7+M4	0.000	0.906	0.972	0.982	0.989	0.990	0.995	0.907	0.872	0.972	0.995	0.995	0.995
SS_R3_A7+M5	0.000	0.285	0.406	0.517	0.911	0.954	0.961	0.981	0.986	0.988	0.986	0.990	0.990
SS_R3_A7+M6	0.000	0.102	0.156	0.327	0.640	0.869	0.935	0.956	0.975	0.989	0.982	0.985	0.996
SS_R3_A7+M7	0.000	0.294	0.338	0.468	0.650	0.882	0.946	0.946	0.966	0.978	0.978	0.973	0.983
SS_R4_A7+M0	0.000	0.352	0.367	0.411	0.500	0.522	0.518	0.998	0.480	0.625	0.924	0.991	0.993
SS_R4_A7+M1	0.000	0.396	0.465	0.464	0.416	0.492	0.765	0.986	0.996	0.996	0.998	0.998	0.998
SS_R4_A7+M2	0.000	0.369	0.440	0.512	0.535	0.575	0.602	0.781	0.923	0.948	0.960	0.965	0.977
SS_R4_A7+M3	0.000	0.909	0.419	0.588	0.589	0.616	0.712	0.897	0.939	0.967	0.974	0.978	0.983
SS_R4_A7+M4	0.000	0.810	0.952	0.970	0.978	0.987	0.991	0.812	0.941	0.950	0.994	0.994	0.994
SS_R4_A7+M5	0.000	0.223	0.056	0.735	0.836	0.868	0.913	0.909	0.909	0.955	0.902	0.923	0.969
SS_R4_A7+M6	0.000	0.414	0.487	0.589	0.782	0.926	0.901	0.954	0.957	0.977	0.954	0.967	0.972
SS_R4_A7+M7	0.000	0.449	0.503	0.467	0.605	0.901	0.933	0.935	0.957	0.970	0.963	0.974	0.981