Label	D1	D2	D3	D4	D5	D6	D7	D8	D9	D10	D11	D12
MS_R1_A1+M0	0.000	0.251	0.648	0.908	0.939	0.942	0.951	0.935	0.971	0.984	0.978	0.982	0.980
MS_R1_A1+M1	0.000	0.185	0.220	0.474	0.561	0.752	0.982	0.981	0.986	0.990	0.979	0.982	0.986
MS_R1_A1+M2	0.000	0.168	0.521	0.596	0.760	0.964	0.978	0.981	0.985	0.962	0.993	0.995	0.995
MS_R1_A1+M3	0.000	0.961	0.969	0.980	0.989	0.991	0.991	0.976	0.978	0.978	0.982	0.980	0.982
MS_R1_A1+M4	0.000	0.981	0.994	1.011	1.011	1.015	1.017	0.979	0.991	1.000	1.011	1.015	0.948
MS_R1_A1+M5	0.000	0.141	0.496	0.898	0.961	0.972	0.978	0.978	0.987	0.987	0.987	0.991	0.991
MS_R1_A1+M6	0.000	0.180	0.304	0.941	0.960	0.969	0.972	0.953	0.981	0.984	0.981	0.981	0.984
MS_R1_A1+M7	0.000	0.348	0.333	0.917	0.939	0.952	0.967	0.972	0.980	0.985	0.975	0.982	0.985
MS_R2_A1+M0	0.000	0.529	0.680	0.926	0.951	0.955	0.966	0.977	0.980	0.987	0.983	0.992	0.993
MS_R2_A1+M1	0.000	0.350	0.490	0.588	0.593	0.939	0.987	0.988	0.999	0.991	0.990	0.991	0.991
MS_R2_A1+M2	0.000	0.110	0.455	0.550	0.771	0.952	0.967	0.980	0.963	0.983	0.985	0.985	0.987
MS_R2_A1+M3	0.000	0.980	0.987	0.996	0.993	0.996	0.982	0.984	0.984	0.987	0.993	0.993	0.991
MS_R2_A1+M4	0.000	0.971	0.975	0.992	0.990	0.983	0.996	0.967	0.987	0.960	0.994	0.994	0.994
MS_R2_A1+M5	0.000	0.537	0.491	0.948	0.976	0.979	0.987	0.989	0.993	0.994	0.993	0.994	0.996
MS_R2_A1+M6	0.000	0.088	0.288	0.934	0.963	0.966	0.975	0.978	0.975	0.984	0.984	0.981	0.988
MS_R2_A1+M7	0.000	0.392	0.349	0.932	0.947	0.678	0.980	0.985	0.985	0.987	0.980	0.982	0.987
MS_R3_A1+M0	0.000	0.450	0.559	0.937	0.953	0.951	0.962	0.966	0.973	0.984	0.980	0.989	0.989
MS_R3_A1+M1	0.000	0.314	0.498	0.631	0.920	0.971	0.986	0.987	0.990	0.990	0.989	0.992	0.989
MS_R3_A1+M2	0.000	0.198	0.472	0.561	0.739	0.938	0.966	0.969	0.980	0.978	0.985	0.987	0.985
MS_R3_A1+M3	0.000	0.954	0.985	0.993	0.993	0.998	0.998	0.959	0.987	0.978	0.970	0.985	0.989
MS_R3_A1+M4	0.000	0.960	0.964	0.978	0.982	0.987	0.991	0.967	0.969	0.982	0.987	0.987	0.989
MS_R3_A1+M5	0.000	0.271	0.542	0.930	0.949	0.935	0.981	0.981	0.988	0.993	0.990	0.995	0.995
MS_R3_A1+M6	0.000	0.043	0.465	0.930	0.951	0.900	0.970	0.979	0.979	0.985	0.988	0.985	0.988
MS_R3_A1+M7	0.000	0.238	0.360	0.911	0.938	0.957	0.965	0.967	0.978	0.981	0.965	0.973	0.981
MS_R4_A1+M0	0.000	0.476	0.555	0.938	0.941	0.952	0.963	0.971	0.969	0.976	0.974	0.985	0.987
MS_R4_A1+M1	0.000	0.479	0.538	0.662	0.844	0.844	0.987	0.992	0.994	0.994	0.985	0.989	0.990
MS_R4_A1+M2	0.000	0.137	0.412	0.517	0.673	0.935	0.971	0.973	0.981	0.983	0.988	0.990	0.988
MS_R4_A1+M3	0.000	0.982	0.987	0.996	0.998	0.996	0.996	0.984	0.980	0.984	0.989	0.989	0.989
MS_R4_A1+M4	0.000	0.966	0.984	0.986	0.992	0.994	0.949	0.958	0.972	0.972	0.986	0.990	0.990
MS_R4_A1+M5	0.000	0.338	0.450	0.949	0.946	0.984	0.988	0.986	0.988	0.986	0.993	0.932	0.995
MS_R4_A1+M6	0.000	0.384	0.470	0.931	0.957	0.967	0.976	0.950	0.945	0.988	0.983	0.988	0.993
MS_R4_A1+M7	0.000	0.228	0.300	0.911	0.950	0.955	0.973	0.973	0.985	0.982	0.976	0.988	0.988
MS_R1_A5+M0	0.000	-0.038	0.038	0.692	0.924	0.970	0.979	0.983	0.983	0.983	1.000	0.996	0.996
MS_R1_A5+M1	0.000	0.530	0.595	0.597	0.617	0.682	0.835	0.886	0.989	0.996	0.992	0.992	0.992
MS_R1_A5+M2	0.000	0.120	0.463	0.571	0.596	0.770	0.900	0.974	0.957	0.963	0.986	0.986	0.986
MS_R1_A5+M3	0.000	0.936	0.979	0.991	0.991	0.993	0.993	0.968	0.972	0.977	0.982	0.984	0.979
MS_R1_A5+M4	0.000	0.779	0.970	0.987	0.987	0.983	0.987	0.735	0.949	0.968	0.979	0.981	0.985
MS_R1_A5+M5	0.000	0.553	0.532	0.828	0.957	0.970	0.974	0.980	0.989	0.993	0.989	0.993	0.993
MS_R1_A5+M6	0.000	0.335	0.281	0.930	0.946	0.956	0.966	0.972	0.982	0.974	0.985	0.987	0.987
MS_R1_A5+M7	0.000	0.159	0.276	0.412	0.941	0.950	0.959	0.944	0.971	0.976	1.000	0.979	0.982
MS_R3_A5+M0	0.000	0.221	0.216	0.548	0.988	0.993	0.993	0.993	0.993	0.993	0.998	1.002	1.002
MS_R3_A5+M1	0.000	0.249	0.490	0.605	0.728	0.903	0.749	0.846	0.988	0.992	0.981	0.988	0.986
MS_R3_A5+M2	0.000	-0.002	0.374	0.499	0.671	0.912	0.975	0.967	0.955	0.951	0.986	0.988	0.988
MS_R3_A5+M3	0.000	0.703	0.992	0.992	0.996	0.994	0.996	0.663	0.841	0.988	0.988	0.990	0.990
MS_R3_A5+M4	0.000	0.925	0.984	0.991	0.991	0.981	0.993	0.927	0.930	0.826	0.986	0.981	0.988
MS_R3_A5+M5	0.000	0.507	0.608	0.967	0.977	0.985	0.992	0.990	0.995	0.997	0.997	0.997	0.998
MS_R3_A5+M6	0.000	0.215	0.332	0.932	0.935	0.962	0.974	0.979	0.976	0.982	0.982	0.979	0.988
MS_R3_A5+M7	0.000	0.212	0.313	0.824	0.952	0.967	0.973	0.925	0.982	0.982	1.000	0.985	0.985
MS_R4_A5+M0	0.000	0.062	0.044	0.343	0.695	1.000	1.003	1.000	1.006	1.000	1.009	1.009	1.006
MS_R4_A5+M1	0.000	0.312	0.415	0.480	0.598	0.891	0.926	0.880	0.987	0.987	0.983	0.985	0.985
MS_R4_A5+M2	0.000	-0.053	0.299	0.449	0.502	0.765	0.909	0.945	0.981	0.983	0.987	0.987	0.989
MS_R4_A5+M3	0.000	0.929	0.991	0.991	0.994	0.996	0.996	0.848	0.987	0.989	0.970	0.989	0.991
MS_R4_A5+M4	0.000	0.903	0.974	0.984	0.982	0.982	0.982	0.703	0.927	0.958	0.979	0.976	0.979
MS_R4_A5+M5	0.000	0.391	0.417	0.875	0.942	0.962	0.971	0.981	0.983	0.988	0.990	0.993	0.993
MS_R4_A5+M6	0.000	-0.118	0.122	0.894	0.913	0.945	0.957	0.961	0.961	0.976	0.972	0.807	0.976
MS_R4_A5+M7	0.000	0.108	0.149	0.556	0.944	0.958	0.969	0.965	0.979	0.979	1.000	0.986	0.983
MS_R1_A6+M0	0.000	0.000	-0.079	0.263	0.874	0.982	0.982	0.989	0.975	0.986	0.996	1.000	1.004
MS_R1_A6+M1	0.000	0.270	0.363	0.688	0.875	0.679	0.760	0.771	0.986	0.986	0.975	0.988	0.988
MS_R1_A6+M2	0.000	-0.030	0.320	0.528	0.871	0.963	0.862	0.972	0.970	0.965	0.984	0.984	0.984
MS_R1_A6+M3	0.000	0.963	0.991	0.993	0.994	0.996	0.994	0.835	0.985	0.978	0.989	0.991	0.991
MS_R1_A6+M4	0.000	0.717	0.983	0.991	0.989	0.993	0.991	0.933	0.939	0.965	0.989	0.983	0.987
MS_R1_A6+M5	0.000	0.208	0.389	0.945	0.959	0.984	0.981	0.986	0.986	0.989	0.986	0.995	0.992
MS_R1_A6+M6	0.000	0.258	0.310	0.945	0.958	0.975	0.981	0.983	0.986	0.983	0.900	0.986	0.992
MS_R1_A6+M7	0.000	0.274	0.404	0.904	0.978	0.981	0.987	0.987	0.994	0.987	1.000	0.994	0.994
MS_R2_A6+M0	0.000	0.124	0.176	0.269	0.214	0.985	0.991	0.988	0.991	0.994	0.960	0.954	1.000
MS_R2_A6+M1	0.000	-0.026	0.087	0.398	0.537	0.732	0.858	0.756	0.988	0.988	0.980	0.982	0.982
MS_R2_A6+M2	0.000	0.069	0.217	0.460	0.601	0.717	0.807	0.847	0.965	0.984	0.981	0.986	0.989
MS_R2_A6+M3	0.000	0.002	0.046	0.276	0.369	0.578	0.768	0.719	0.949	0.985	0.991	0.993	0.982
MS_R2_A6+M4	0.000	0.710	0.967	0.967	0.984	0.988	0.993	0.701	0.772	0.967	0.979	0.988	0.987
MS_R2_A6+M5	0.000	0.288	0.426	0.710	0.907	0.962	0.973	0.980	0.993	0.993	0.989	0.993	0.998
MS_R2_A6+M6	0.000	0.160	0.287	0.729	0.903	0.685	0.983	1.000	1.003	1.006	1.000	1.008	1.008
MS_R2_A6+M7	0.000	0.334	0.464	0.579	0.814	0.953	0.971	0.976	0.988	0.988	1.000	1.000	1.000
MS_R1_A7+M0	0.000	0.000	-0.079	0.263	0.874	0.982	0.982	0.989	0.975	0.986	0.996	1.000	1.004
MS_R1_A7+M1	0.000	0.426	0.506	0.572	0.684	0.954	0.896	0.987	0.989	0.989	0.987	0.991	0.987
MS_R1_A7+M2	0.000	0.443	0.587	0.607	0.767	0.932	0.957	0.978	0.981	0.986	0.979	0.986	0.987
MS_R1_A7+M3	0.000	-0.237	0.159	0.429	0.461	0.581	0.878	0.977	0.956	0.979	0.984	0.986	0.986
MS_R1_A7+M4	0.000	0.898	0.976	0.976	0.974	0.983	0.991	0.869	0.970	0.976	0.983	0.983	0.988
MS_R1_A7+M5	0.000	0.475	0.419	0.917	0.960	0.962	0.972	0.980	0.987	0.990	0.987	0.990	0.992
MS_R1_A7+M6	0.000	0.369	0.381	0.915	0.939	0.957	0.960	0.976	0.966	0.985	0.985	0.985	0.988
MS_R1_A7+M7	0.000	0.156	0.542	0.575	0.770	0.711	0.971	0.974	0.982	0.989	0.965	0.991	0.993
MS_R2_A7+M0	0.000	0.124	0.176	0.269	0.214	0.985	0.991	0.988	0.991	0.994	0.960	0.954	1.000
MS_R2_A7+M1	0.000	0.127	0.258	0.406	0.519	0.604	0.704	0.889	0.996	0.994	0.990	0.992	0.990
MS_R2_A7+M2	0.000	0.207	0.234	0.484	0.534	0.667	0.733	0.867	0.834	0.983	0.983	0.984	0.986
MS_R2_A7+M3	0.000	-0.399	-0.095	0.233	0.431	0.463	0.796	0.889	0.791	0.963	1.000	1.003	1.003
MS_R2_A7+M4	0.000	0.748	0.976	0.980	0.987	0.990	0.996	0.696	0.941	0.954	0.981	0.986	0.988
MS_R2_A7+M5	0.000	0.089	0.261	0.696	0.923	0.951	0.963	0.968	0.983	0.986	0.983	0.989	0.991
MS_R2_A7+M6	0.000	0.149	0.149	0.659	0.927	0.963	0.970	0.979	0.988	0.988	0.985	0.994	0.997
MS_R2_A7+M7	0.000	-0.269	0.020	0.349	0.605	0.904	0.944	0.950	0.970	0.977	0.963	0.977	0.983
MS_R1_A9+M0	0.000	0.169	0.205	0.165	0.654	0.874	0.913	0.886	0.984	0.984	0.969	0.984	0.992
MS_R1_A9+M1	0.000	0.629	0.571	0.512	0.588	0.767	0.902	0.781	0.998	0.996	0.992	0.994	0.985
MS_R1_A9+M2	0.000	0.388	0.361	0.626	0.651	0.934	0.968	0.973	0.974	0.976	0.976	0.983	0.988
MS_R1_A9+M3	0.000	0.038	0.433	0.498	0.536	0.639	0.868	0.962	0.966	0.971	0.976	0.986	0.986
MS_R1_A9+M4	0.000	0.918	0.980	0.977	0.983	0.996	0.993	0.918	0.971	0.983	0.983	0.983	0.991
MS_R1_A9+M5	0.000	0.326	0.376	0.890	0.947	0.952	0.963	0.975	0.986	0.986	0.924	0.989	0.992
MS_R1_A9+M6	0.000	0.325	0.361	0.912	0.939	0.961	0.939	0.972	0.972	0.986	0.986	0.997	0.997
MS_R1_A9+M7	0.000	0.018	0.266	0.275	0.685	0.927	0.951	0.933	0.896	0.982	0.954	0.966	0.988
MS_R2_A9+M0	0.000	0.153	-0.206	-0.105	0.373	0.589	0.823	0.498	0.608	0.986	0.981	0.986	0.990
MS_R2_A9+M1	0.000	0.249	0.296	0.496	0.508	0.577	0.615	0.619	0.717	0.858	0.842	0.970	0.987
MS_R2_A9+M2	0.000	0.150	0.234	0.364	0.507	0.557	0.641	0.698	0.930	0.964	0.964	0.984	0.986
MS_R2_A9+M3	0.000	-0.077	0.095	0.215	0.264	0.566	0.714	0.724	0.682	0.783	0.886	0.982	0.990
MS_R2_A9+M4	0.000	0.600	0.929	0.982	0.984	0.993	0.991	0.629	0.693	0.725	0.998	0.996	0.993
MS_R2_A9+M5	0.000	0.293	0.400	0.620	0.767	0.824	0.950	0.810	0.982	0.989	1.000	1.000	1.000
MS_R2_A9+M6	0.000	0.205	0.253	0.563	0.761	0.778	0.929	0.861	0.966	0.915	0.983	0.989	0.989
MS_R2_A9+M7	0.000	-0.101	-0.074	0.290	0.411	0.704	0.899	0.902	0.939	0.953	0.963	0.976	0.980
MS_R3_A9+M0	0.000	0.307	0.117	0.134	0.688	0.874	0.398	0.987	0.991	0.996	0.991	0.991	0.996
MS_R3_A9+M1	0.000	0.998	0.998	0.998	0.998	0.998	1.000	1.000	1.002	1.000	0.997	0.998	0.997
MS_R3_A9+M2	0.000	0.329	0.265	0.444	0.432	0.595	0.736	0.968	0.975	0.982	0.981	0.986	0.986
MS_R3_A9+M3	0.000	0.349	0.349	0.450	0.504	0.560	0.714	0.797	0.809	0.963	0.981	0.985	0.988
MS_R3_A9+M4	0.000	0.627	0.926	0.960	0.970	0.978	0.986	0.428	0.713	0.948	0.960	0.974	0.958
MS_R3_A9+M5	0.000	0.245	0.213	0.689	0.853	0.763	0.845	0.946	0.973	0.975	1.000	1.000	1.000
MS_R3_A9+M6	0.000	0.034	0.182	0.605	0.901	0.948	0.957	0.966	0.969	0.981	0.966	0.985	0.991
MS_R3_A9+M7	0.000	-0.252	0.150	0.261	0.275	0.882	0.935	0.905	0.925	0.967	0.958	0.971	0.977
MS_R4_A9+M0	0.000	0.301	0.056	0.102	0.387	0.680	0.782	0.959	0.985	0.992	0.985	0.977	0.989
MS_R4_A9+M1	0.000	0.689	0.692	0.645	0.652	0.761	0.838	0.769	0.993	0.995	0.993	0.993	0.993
MS_R4_A9+M2	0.000	0.326	0.491	0.539	0.624	0.674	0.707	0.757	0.960	0.970	0.990	0.992	0.992
MS_R4_A9+M3	0.000	0.640	0.660	0.686	0.717	0.671	0.713	0.768	0.877	0.996	0.991	0.989	0.989
MS_R4_A9+M4	0.000	0.748	0.978	0.992	0.992	0.992	0.994	0.742	0.816	0.924	0.986	0.990	0.992
MS_R4_A9+M5	0.000	0.625	0.602	0.610	0.684	0.806	0.952	0.964	0.974	0.980	1.000	1.000	1.000
MS_R4_A9+M6	0.000	0.510	0.478	0.490	0.772	0.908	0.979	0.970	0.979	0.988	0.973	0.991	0.994
MS_R4_A9+M7	0.000	0.203	0.529	0.366	0.485	0.826	0.913	0.936	0.953	0.974	0.689	0.977	0.980
MS_R4_A10+M0	0.000	-0.478	-0.770	-0.683	-0.522	0.087	0.727	0.025	0.994	0.988	0.988	0.988	0.963
MS_R4_A10+M1	0.000	-0.130	-0.093	0.218	0.133	0.311	0.554	0.930	0.930	0.875	0.915	0.980	0.977
MS_R4_A10+M2	0.000	0.171	0.292	0.373	0.412	0.441	0.476	0.330	0.977	0.972	0.985	0.985	0.994
MS_R4_A10+M3	0.000	0.035	0.089	0.341	0.297	0.471	0.516	0.373	0.803	0.547	0.803	0.987	0.989
MS_R4_A10+M4	0.000	0.330	0.938	0.969	0.980	0.980	0.989	0.330	0.534	0.712	0.921	0.974	0.976
MS_R4_A10+M5	0.000	0.383	0.474	0.606	0.735	1.004	0.930	0.957	0.981	0.987	1.000	1.000	1.000
MS_R4_A10+M6	0.000	0.101	0.020	0.240	0.537	0.861	0.932	0.929	0.956	0.980	0.939	0.980	0.986
MS_R4_A10+M7	0.000	-0.116	-0.155	0.307	0.170	0.544	0.903	0.927	0.942	0.964	0.936	0.967	0.976
MS_R4_A12+M0	0.000	0.115	0.137	0.310	0.573	0.670	0.729	0.617	0.807	0.807	0.983	0.986	0.994
MS_R4_A12+M1	0.000	0.237	0.156	0.185	0.481	0.434	0.519	0.566	0.629	0.945	0.931	0.984	0.990
MS_R4_A12+M2	0.000	0.075	-0.021	0.078	0.279	0.354	0.398	0.304	0.948	0.969	0.981	0.985	0.987
MS_R4_A12+M3	0.000	0.497	0.955	0.989	0.986	0.991	0.993	0.467	0.695	0.747	0.850	0.982	0.991
MS_R4_A12+M4	0.000	-0.389	0.869	0.951	0.947	0.975	0.971	-0.164	-0.205	0.230	0.910	0.939	0.963
MS_R4_A12+M5	0.000	0.298	0.353	0.367	0.642	0.898	1.000	0.956	0.970	0.972	1.000	1.000	1.000
MS_R4_A12+M6	0.000	0.265	0.363	0.430	0.642	0.928	0.921	0.807	0.959	0.986	0.979	0.990	0.993
MS_R4_A12+M7	0.000	0.277	0.168	0.252	0.259	0.642	0.889	0.946	0.956	0.995	1.217	1.217	1.217
MS_R1_A13+M0	0.000	0.492	0.558	0.548	1.000	0.651	0.440	0.936	0.896	0.992	0.998	0.996	0.998
MS_R1_A13+M1	0.000	0.971	0.965	0.987	0.985	0.975	0.994	0.988	0.998	1.000	0.998	0.996	0.994
MS_R1_A13+M2	0.000	0.261	0.427	0.443	0.488	0.688	0.748	0.982	0.986	0.991	0.980	0.989	0.991
MS_R1_A13+M3	0.000	0.962	0.979	0.989	0.990	0.989	0.990	0.928	0.966	0.972	0.976	0.989	0.982
MS_R1_A13+M4	0.000	0.520	0.951	0.966	0.958	0.988	0.988	0.564	0.941	0.949	0.961	0.961	0.968
MS_R1_A13+M5	0.000	0.324	0.348	0.824	0.944	0.957	1.000	0.971	0.979	0.981	1.000	1.000	1.000
MS_R1_A13+M6	0.000	0.463	0.529	0.724	0.923	0.943	0.963	0.976	0.985	0.991	0.987	0.991	0.996
MS_R1_A13+M7	0.000	0.414	0.393	0.474	0.517	0.637	0.959	0.959	0.972	0.986	0.975	0.984	0.991
MS_R2_A13+M0	0.000	0.357	0.333	0.420	0.428	0.342	0.475	0.753	0.800	0.810	1.000	1.002	1.002
MS_R2_A13+M1	0.000	0.374	0.443	0.571	0.649	0.686	0.816	0.747	0.962	0.929	0.964	0.985	0.980
MS_R2_A13+M2	0.000	0.240	0.234	0.187	0.303	0.470	0.604	0.955	0.933	0.973	0.978	0.980	0.982
MS_R2_A13+M3	0.000	0.814	0.985	0.991	0.995	0.996	0.996	0.786	0.923	0.962	0.984	0.985	0.989
MS_R2_A13+M4	0.000	0.535	0.941	0.960	0.972	0.983	0.983	0.519	0.634	0.821	0.955	0.969	0.972
MS_R2_A13+M5	0.000	0.673	0.397	0.638	0.907	0.950	0.965	0.977	0.980	0.977	1.000	1.000	1.000
MS_R2_A13+M6	0.000	0.146	0.305	0.663	0.864	0.930	0.945	0.963	0.982	0.990	0.990	0.992	0.997
MS_R2_A13+M7	0.000	0.289	0.322	0.576	0.659	0.859	0.956	0.950	0.965	0.981	0.979	0.981	0.983
MS_R2_A14+M0	0.000	0.080	0.097	0.243	0.163	-0.087	0.437	0.600	0.723	0.757	0.817	1.003	1.000
MS_R2_A14+M1	0.000	0.816	0.829	0.798	0.846	0.854	0.843	0.832	0.900	0.982	0.993	0.993	0.989
MS_R2_A14+M2	0.000	0.431	0.365	0.349	0.427	0.486	0.527	0.827	0.970	0.879	0.884	0.993	0.996
MS_R2_A14+M3	0.000	0.803	0.970	0.990	0.990	0.990	0.992	0.750	0.927	0.965	0.972	0.982	0.984
MS_R2_A14+M4	0.000	0.384	0.918	0.965	0.993	0.993	0.989	0.479	0.548	0.545	0.942	0.969	0.973
MS_R2_A14+M5	0.000	0.260	0.493	0.595	0.830	0.918	0.955	0.973	0.980	0.973	1.000	1.000	1.000
MS_R2_A14+M6	0.000	0.249	0.354	0.633	0.833	0.900	0.877	0.951	0.972	0.987	0.974	0.992	0.992
MS_R2_A14+M7	0.000	0.152	0.208	0.414	0.488	0.638	0.907	0.932	0.953	0.981	0.977	0.981	0.993
MS_R3_A14+M0	0.000	0.238	0.300	0.450	0.390	0.593	0.743	0.914	0.698	0.989	0.996	0.998	0.996
MS_R3_A14+M1	0.000	0.446	0.485	0.623	0.670	0.582	0.852	0.928	0.948	0.987	0.985	0.984	0.985
MS_R3_A14+M2	0.000	0.066	0.199	0.323	0.412	0.540	0.693	0.968	0.982	0.980	0.982	0.982	0.988
MS_R3_A14+M3	0.000	0.828	0.977	0.991	0.984	0.988	0.991	0.801	0.868	0.956	0.981	0.986	0.989
MS_R3_A14+M4	0.000	0.732	0.951	0.979	1.000	0.979	0.987	0.709	0.738	0.951	0.960	0.966	0.979
MS_R3_A14+M5	0.000	0.323	0.427	0.821	0.907	0.955	0.962	0.977	0.987	0.987	1.000	1.000	1.000
MS_R3_A14+M6	0.000	0.358	0.502	0.750	0.898	0.948	0.919	0.965	0.971	0.990	0.981	0.998	0.992
MS_R3_A14+M7	0.000	0.152	0.264	0.307	0.420	0.870	0.945	0.948	0.955	0.980	0.968	0.980	0.984
MS_R4_A14+M0	0.000	0.155	0.270	0.348	0.345	0.355	0.245	0.457	0.773	0.573	0.798	0.991	0.991
MS_R4_A14+M1	0.000	0.697	0.653	0.689	0.648	0.645	0.659	0.682	0.755	0.933	0.932	0.984	0.989
MS_R4_A14+M2	0.000	0.049	0.251	0.265	0.304	0.352	0.453	0.761	0.796	0.929	0.923	0.960	0.966
MS_R4_A14+M3	0.000	0.581	0.807	0.988	0.991	0.993	0.995	0.511	0.657	0.758	0.853	0.988	0.988
MS_R4_A14+M4	0.000	0.375	0.809	0.970	0.996	0.979	0.985	0.326	0.354	0.773	0.945	0.960	0.972
MS_R4_A14+M5	0.000	0.270	0.373	0.451	0.708	0.889	0.946	0.983	0.969	0.978	1.000	1.000	1.000
MS_R4_A14+M6	0.000	0.383	0.470	0.500	0.570	0.877	0.949	0.934	0.951	0.975	0.975	0.987	0.987
MS_R4_A14+M7	0.000	0.078	0.186	0.218	0.348	0.699	0.853	0.877	0.949	0.966	0.912	0.968	0.975
MS_R1_A17+M0	0.000	0.096	0.074	0.110	0.165	0.232	0.489	0.636	0.915	0.890	0.978	0.982	0.974
MS_R1_A17+M1	0.000	0.918	0.907	0.872	0.888	1.000	0.874	0.866	0.874	0.751	0.992	0.995	0.992
MS_R1_A17+M2	0.000	0.227	0.411	0.329	0.462	0.493	0.571	0.893	0.936	0.976	0.960	0.989	0.989
MS_R1_A17+M3	0.000	0.885	0.957	0.990	0.993	0.992	0.995	0.778	0.961	0.949	0.934	0.988	0.988
MS_R1_A17+M4	0.000	0.656	0.962	0.970	1.000	0.980	0.986	0.547	0.731	0.964	0.968	0.976	0.978
MS_R1_A17+M5	0.000	0.379	0.426	0.846	0.879	0.954	0.951	0.977	0.979	0.982	1.000	1.000	1.000
MS_R1_A17+M6	0.000	0.520	0.596	0.744	0.930	0.967	0.941	0.951	0.977	0.977	0.984	0.990	0.992
MS_R1_A17+M7	0.000	0.471	0.573	0.579	0.701	0.911	0.959	0.961	0.979	0.983	0.975	0.986	0.988
MS_R3_A24+M0	0.000	0.305	0.413	0.538	0.578	0.612	0.679	0.856	0.903	0.957	0.868	0.993	0.987
MS_R3_A24+M1	0.000	0.455	0.642	0.455	0.660	0.506	0.552	0.472	0.638	0.651	0.817	0.993	0.996
MS_R3_A24+M2	0.000	0.090	0.151	0.201	0.255	0.262	0.332	0.367	0.908	0.906	0.924	0.961	0.987
MS_R3_A24+M3	0.000	0.495	0.956	0.987	0.990	0.994	0.994	0.459	0.560	0.996	0.917	0.973	0.981
MS_R3_A24+M4	0.000	0.434	0.915	0.969	0.998	0.980	0.969	0.425	0.510	0.397	0.919	0.963	0.972
MS_R3_A24+M5	0.000	0.459	0.528	0.566	0.666	0.930	0.936	0.974	0.981	0.982	1.000	1.000	1.000
MS_R3_A24+M6	0.000	0.434	0.531	0.564	0.679	0.883	0.944	0.953	0.964	0.977	0.984	0.987	0.991
MS_R3_A24+M7	0.000	0.507	0.552	0.636	0.612	0.598	0.910	0.918	0.975	0.988	0.964	0.989	0.997
